uav1:
  id: 1
  x: -22 
  y: 0
  z: 0.5
  heading: 0

uav2:
  id: 2
  x: 0
  y: 12
  z: 0.5
  heading: -1.57079

uav3:
  id: 3
  x: 22
  y: 0
  z: 0.5
  heading: 3.14159