uav1:
  id: 1
  x: -14
  y: -9
  z: 0.5
  heading: -3.1415927

uav2:
  id: 2
  x: 14
  y: 14
  z: 0.5
  heading: 0

uav3:
  id: 3
  x: 10
  y: 2.5
  z: 0.5
  heading: -3.1415927